2037;2014SP;186c;FED;Withdrawn;01/09/2014;100.00;20.00;0;0;0;0;0;0;0;0;0;0;0;0;0;95.00;80.00;70.00;55.00;85.00;50.00;0;0;0;0;0;0;0;0;0;11.100;NULL;11.10
2038;2014SP;186c;FED;;12/03/2013;100.00;60.00;100.00;100.00;80.00;100.00;100.00;100.00;100.00;100.00;0;0;0;0;0;85.00;70.00;0;55.00;75.00;70.00;85.00;45.00;0;55.00;70.00;0;0;0;0;35.300;NULL;42.80
2039;2014SP;186c;FED;;12/02/2013;100.00;100.00;100.00;100.00;100.00;100.00;100.00;100.00;100.00;100.00;0;0;0;0;0;95.00;95.00;100.00;85.00;95.00;85.00;95.00;95.00;90.00;90.00;100.00;0;0;0;0;45.500;NULL;52.50
2040;2014SP;186c;FED;;11/20/2013;100.00;100.00;100.00;99.00;100.00;100.00;90.00;85.00;100.00;100.00;0;0;0;0;0;95.00;80.00;90.00;90.00;100.00;80.00;80.00;55.00;65.00;60.00;0;0;0;0;0;40.670;NULL;46.87
2041;2014SP;186c;;;12/06/2013;100.00;100.00;100.00;100.00;100.00;100.00;100.00;100.00;100.00;100.00;0;0;0;0;0;100.00;100.00;90.00;100.00;85.00;90.00;95.00;75.00;100.00;95.00;90.00;0;0;0;0;43.700;NULL;52.40
2042;2014SP;186c;;;11/19/2013;100.00;80.00;100.00;100.00;95.00;100.00;100.00;100.00;99.00;100.00;0;0;0;0;0;70.00;95.00;100.00;100.00;75.00;80.00;85.00;90.00;90.00;80.00;95.00;0;0;0;0;43.710;NULL;50.61
2043;2014SP;186c;;Dropped;01/06/2014;0;0;0;0;0;0;0;0;0;0;0;0;0;0;0;0;0;0;0;0;0;0;0;0;0;0;0;0;0;0;0.000;NULL;0
2044;2014SP;186c;;Dropped;11/26/2013;0;0;0;0;0;0;0;0;0;0;0;0;0;0;0;0;0;0;0;0;0;0;0;0;0;0;0;0;0;0;0.000;NULL;0
2045;2014SP;186c;;;12/03/2013;100.00;100.00;90.00;100.00;95.00;100.00;90.00;90.00;0;0;0;0;0;0;0;90.00;85.00;90.00;80.00;70.00;70.00;75.00;70.00;0;0;0;0;0;0;0;34.450;NULL;34.45
2046;2014SP;186c;;Withdrawn;01/06/2014;100.00;100.00;100.00;70.00;70.00;70.00;0;0;0;0;0;0;0;0;0;70.00;85.00;65.00;70.00;0;0;50.00;0;0;0;0;0;0;0;0;19.100;NULL;19.10
2047;2014SP;186c;;;01/15/2014;100.00;90.00;100.00;100.00;100.00;100.00;100.00;90.00;90.00;30.00;0;0;0;0;0;95.00;85.00;85.00;70.00;80.00;50.00;90.00;30.00;65.00;55.00;0;0;0;0;0;39.000;NULL;41.60
2048;2014SP;186c;;Withdrawn;01/10/2014;100.00;0;0;0;0;0;0;0;0;0;0;0;0;0;0;70.00;25.00;30.00;0;0;0;0;0;0;0;0;0;0;0;0;4.500;NULL;04.50
2049;2014SP;186c;;Withdrawn;12/16/2013;100.00;100.00;50.00;0;0;0;0;0;0;0;0;0;0;0;0;80.00;40.00;55.00;35.00;0;0;0;0;0;0;0;0;0;0;0;9.200;NULL;09.20
2050;2014SP;186c;FED;;11/18/2013;100.00;90.00;0;95.00;100.00;100.00;100.00;90.00;100.00;70.00;0;0;0;0;0;100.00;85.00;80.00;85.00;90.00;85.00;90.00;65.00;75.00;75.00;0;0;0;0;0;39.350;NULL;44.35
2051;2014SP;186c;;;01/06/2014;100.00;100.00;50.00;100.00;100.00;100.00;100.00;55.00;100.00;100.00;0;0;0;0;0;100.00;95.00;100.00;90.00;95.00;85.00;85.00;65.00;75.00;90.00;100.00;0;0;0;0;41.800;NULL;48.80
2052;2014SP;186c;FED;;12/05/2013;100.00;100.00;100.00;100.00;100.00;100.00;100.00;100.00;100.00;100.00;0;0;0;0;0;95.00;100.00;90.00;95.00;90.00;65.00;90.00;80.00;85.00;90.00;0;0;0;0;0;44.600;NULL;49.60
2053;2014SP;186c;;;01/06/2014;100.00;100.00;100.00;100.00;100.00;100.00;90.00;0;0;0;0;0;0;0;0;90.00;100.00;95.00;80.00;60.00;70.00;70.00;0;0;0;0;0;0;0;0;29.900;NULL;29.90
2054;2014SP;186c;;Dropped;01/03/2014;0;0;0;0;0;0;0;0;0;0;0;0;0;0;0;0;0;0;0;0;0;0;0;0;0;0;0;0;0;0;0.000;NULL;0
2055;2014SP;186c;;;12/03/2013;100.00;50.00;100.00;0;25.00;90.00;90.00;90.00;100.00;80.00;0;0;0;0;0;90.00;0;70.00;75.00;95.00;70.00;75.00;45.00;75.00;70.00;0;0;0;0;0;32.950;NULL;36.95
2056;2014SP;186c;;;01/09/2014;100.00;100.00;100.00;100.00;75.00;100.00;90.00;100.00;100.00;100.00;0;0;0;0;0;100.00;90.00;100.00;70.00;60.00;60.00;100.00;60.00;70.00;80.00;0;0;0;0;0;40.050;NULL;46.65
2057;2014SP;186c;;;12/13/2013;100.00;100.00;100.00;100.00;100.00;85.00;100.00;100.00;100.00;100.00;0;0;0;0;0;100.00;90.00;100.00;100.00;95.00;100.00;100.00;95.00;100.00;95.00;0;0;0;0;0;46.050;NULL;51.05
2058;2014SP;186c;FED;Withdrawn;01/15/2014;0;10.00;0;0;75.00;5.00;0;0;0;0;0;0;0;0;0;65.00;40.00;50.00;0;45.00;55.00;0;0;0;0;0;0;0;0;0;7.700;NULL;07.70
2059;2014SP;186c;;Withdrawn;12/26/2013;100.00;100.00;100.00;100.00;100.00;100.00;100.00;0;0;0;0;0;0;0;0;100.00;80.00;90.00;75.00;60.00;70.00;0;0;0;0;0;0;0;0;0;28.500;NULL;28.50
2060;2014SP;186c;;Dropped;12/09/2013;0;0;0;0;0;0;0;0;0;0;0;0;0;0;0;0;0;0;0;0;0;0;0;0;0;0;0;0;0;0;0.000;NULL;0
2061;2014SP;186c;;;12/06/2013;100.00;100.00;90.00;0;0;0;0;0;0;0;0;0;0;0;0;85.00;65.00;65.00;0;0;0;0;0;0;0;0;0;0;0;0;10.100;NULL;10.10
2062;2014SP;186c;;;01/06/2014;100.00;100.00;100.00;100.00;100.00;100.00;100.00;100.00;100.00;100.00;0;0;0;0;0;90.00;90.00;90.00;95.00;85.00;75.00;95.00;95.00;90.00;100.00;95.00;0;0;0;0;45.100;NULL;52.00
2063;2014SP;186c;FED;;11/18/2013;100.00;100.00;100.00;100.00;100.00;100.00;80.00;100.00;100.00;100.00;0;0;0;0;0;100.00;70.00;85.00;85.00;100.00;75.00;80.00;80.00;0;70.00;0;0;0;0;0;39.700;NULL;46.10
2064;2014SP;186c;;Withdrawn;12/12/2013;100.00;100.00;100.00;100.00;0;0;0;0;0;0;0;0;0;0;0;100.00;75.00;100.00;95.00;55.00;0;0;0;0;0;0;0;0;0;0;17.500;NULL;17.50
2065;2014SP;186c;;Dropped;01/07/2014;0;0;0;0;0;0;0;0;0;0;0;0;0;0;0;0;0;0;0;0;0;0;0;0;0;0;0;0;0;0;0.000;NULL;0
2066;2014SP;186c;;;01/07/2014;100.00;100.00;100.00;100.00;100.00;60.00;90.00;100.00;100.00;100.00;0;0;0;0;0;100.00;100.00;95.00;90.00;90.00;90.00;85.00;85.00;85.00;90.00;0;0;0;0;0;41.800;NULL;48.60
2067;2014SP;186c;;;01/08/2014;100.00;100.00;99.00;100.00;100.00;100.00;100.00;95.00;100.00;80.00;0;0;0;0;0;95.00;90.00;85.00;90.00;90.00;90.00;85.00;100.00;95.00;90.00;0;0;0;0;0;44.980;NULL;48.98
2068;2014SP;186c;;;12/02/2013;100.00;100.00;99.00;100.00;100.00;100.00;100.00;99.00;90.00;0;0;0;0;0;0;95.00;90.00;90.00;75.00;60.00;55.00;75.00;45.00;0;0;0;0;0;0;0;38.240;NULL;38.24
2069;2014SP;186c;;;11/22/2013;100.00;100.00;100.00;100.00;25.00;60.00;90.00;1.00;99.00;100.00;0;0;0;0;0;95.00;65.00;70.00;70.00;55.00;85.00;65.00;0;0;60.00;50.00;0;0;0;0;30.450;NULL;36.45
2070;2014SP;186c;;Withdrawn;12/09/2013;100.00;90.00;0;0;0;0;0;0;0;0;0;0;0;0;0;0;0;0;0;0;0;0;0;0;0;0;0;0;0;0;3.800;NULL;03.80
2071;2014SP;186c;;Withdrawn;11/25/2013;100.00;100.00;100.00;90.00;0;0;0;0;0;0;0;0;0;0;0;95.00;0;80.00;0;0;0;0;0;0;0;0;0;0;0;0;12.200;NULL;12.20
2072;2014SP;186c;;Dropped;12/04/2013;0;0;0;0;0;0;0;0;0;0;0;0;0;0;0;0;0;0;0;0;0;0;0;0;0;0;0;0;0;0;0.000;NULL;0
2073;2014SP;186c;;Withdrawn;01/21/2014;100.00;0;0;0;0;0;0;0;0;0;0;0;0;0;0;100.00;0;0;0;0;0;0;0;0;0;0;0;0;0;0;4.000;NULL;04.00
2074;2014SP;186c;;;11/25/2013;100.00;100.00;90.00;100.00;95.00;60.00;70.00;55.00;0;0;0;0;0;0;0;75.00;75.00;55.00;55.00;40.00;55.00;0;30.00;0;0;0;0;0;0;0;26.150;NULL;26.15
2075;2014SP;186c;FED;Dropped;11/21/2013;0;0;0;0;0;0;0;0;0;0;0;0;0;0;0;0;0;0;0;0;0;0;0;0;0;0;0;0;0;0;0.000;NULL;0
2076;2014SP;186c;;Dropped;01/06/2014;0;0;0;0;0;0;0;0;0;0;0;0;0;0;0;0;0;0;0;0;0;0;0;0;0;0;0;0;0;0;0.000;NULL;0
2077;2014SP;186c;;Dropped;01/22/2014;0;0;0;0;0;0;0;0;0;0;0;0;0;0;0;0;0;0;0;0;0;0;0;0;0;0;0;0;0;0;0.000;NULL;0
2078;2014SP;186c;;;01/06/2014;100.00;100.00;100.00;95.00;100.00;100.00;100.00;70.00;100.00;0;0;0;0;0;0;0;90.00;85.00;80.00;60.00;65.00;70.00;75.00;75.00;60.00;0;0;0;0;0;37.650;NULL;38.85
2079;2014SP;186c;FED;Withdrawn;12/14/2013;100.00;0;0;0;0;0;0;0;0;0;0;0;0;0;0;95.00;50.00;0;0;0;0;0;0;0;0;0;0;0;0;0;4.900;NULL;04.90
2080;2014SP;186w;FED;Withdrawn;12/11/2013;100.00;100.00;0;0;0;0;0;0;0;0;0;0;0;0;0;85.00;65.00;0;0;0;0;0;0;0;0;0;0;0;0;0;7.000;NULL;07.00
2081;2014SP;186w;;Withdrawn;11/20/2013;0;100.00;100.00;100.00;50.00;50.00;100.00;90.00;0;0;0;0;0;0;0;100.00;95.00;90.00;75.00;100.00;60.00;75.00;50.00;0;0;0;0;0;0;0;30.500;NULL;30.50
2082;2014SP;186w;;Withdrawn;11/21/2013;100.00;20.00;0;0;0;0;0;0;0;0;0;0;0;0;0;70.00;85.00;40.00;0;0;0;0;0;0;0;0;0;0;0;0;6.300;NULL;06.30
2083;2014SP;186w;;Withdrawn;12/14/2013;100.00;0;0;0;0;0;0;0;0;0;0;0;0;0;0;95.00;0;0;0;0;0;0;0;0;0;0;0;0;0;0;3.900;NULL;03.90
2084;2014SP;186w;FED;;11/18/2013;100.00;100.00;100.00;85.00;100.00;100.00;90.00;90.00;100.00;0;0;0;0;0;0;100.00;85.00;85.00;90.00;95.00;60.00;60.00;35.00;65.00;0;0;0;0;0;0;39.250;NULL;39.25
2085;2014SP;186w;;Dropped;12/09/2013;0;0;0;0;0;0;0;0;0;0;0;0;0;0;0;0;0;0;0;0;0;0;0;0;0;0;0;0;0;0;0.000;NULL;00.00
2086;2014SP;186w;;Dropped;11/21/2013;0;0;0;0;0;0;0;0;0;0;0;0;0;0;0;0;0;0;0;0;0;0;0;0;0;0;0;0;0;0;0.000;NULL;0
2087;2014SP;186w;;Withdrawn;01/14/2014;100.00;100.00;0;100.00;70.00;0;0;0;0;0;0;0;0;0;0;90.00;85.00;80.00;70.00;80.00;75.00;0;0;0;0;0;0;0;0;0;18.700;NULL;18.70
2088;2014SP;186w;;Dropped;11/21/2013;0;0;0;0;0;0;0;0;0;0;0;0;0;0;0;0;0;0;0;0;0;0;0;0;0;0;0;0;0;0;0.000;NULL;00.00
2089;2014SP;186w;;;11/20/2013;100.00;95.00;100.00;100.00;90.00;100.00;100.00;90.00;100.00;100.00;0;0;0;0;0;95.00;85.00;90.00;85.00;85.00;0;85.00;0;85.00;80.00;0;0;0;0;0;38.400;NULL;45.00
2090;2014SP;186w;;Dropped;11/21/2013;0;0;0;0;0;0;0;0;0;0;0;0;0;0;0;0;0;0;0;0;0;0;0;0;0;0;0;0;0;0;0.000;NULL;0
2091;2014SP;186w;;Dropped;12/12/2013;0;0;0;0;0;0;0;0;0;0;0;0;0;0;0;0;0;0;0;0;0;0;0;0;0;0;0;0;0;0;0.000;NULL;0
2092;2014SP;186w;FED;Dropped;12/04/2013;0;0;0;0;0;0;0;0;0;0;0;0;0;0;0;0;0;0;0;0;0;0;0;0;0;0;0;0;0;0;0.000;NULL;0
2093;2014SP;186w;;Withdrawn;11/26/2013;100.00;20.00;0;0;0;0;0;0;0;0;0;0;0;0;0;95.00;90.00;0;0;0;0;0;0;0;0;0;0;0;0;0;6.100;NULL;06.10
2094;2014SP;186w;;Dropped;12/09/2013;0;0;0;0;0;0;0;0;0;0;0;0;0;0;0;0;0;0;0;0;0;0;0;0;0;0;0;0;0;0;0.000;NULL;00.00
2095;2014SP;186w;;;11/20/2013;100.00;95.00;100.00;100.00;100.00;100.00;100.00;100.00;100.00;100.00;0;0;0;0;0;95.00;95.00;100.00;95.00;90.00;95.00;90.00;85.00;80.00;100.00;100.00;0;0;0;0;43.400;NULL;52.40
2096;2014SP;186w;FED;;11/26/2013;100.00;90.00;100.00;100.00;100.00;100.00;100.00;85.00;85.00;80.00;0;0;0;0;0;100.00;60.00;85.00;90.00;95.00;0;0;45.00;65.00;75.00;0;0;0;0;0;36.400;NULL;41.90
2097;2014SP;186w;;;11/20/2013;100.00;99.00;100.00;100.00;95.00;100.00;99.00;0;80.00;0;0;0;0;0;0;95.00;80.00;60.00;85.00;80.00;65.00;70.00;0;55.00;45.00;0;0;0;0;0;33.790;NULL;34.69
2098;2014SP;186w;;Withdrawn;11/20/2013;100.00;100.00;99.00;100.00;0;0;0;0;0;0;0;0;0;0;0;100.00;100.00;95.00;90.00;60.00;65.00;0;0;0;0;0;0;0;0;0;19.180;NULL;19.18
2099;2014SP;186w;;Dropped;12/05/2013;0;0;0;0;0;0;0;0;0;0;0;0;0;0;0;0;0;0;0;0;0;0;0;0;0;0;0;0;0;0;0.000;NULL;0
2100;2014SP;186w;;Dropped;11/19/2013;0;0;0;0;0;0;0;0;0;0;0;0;0;0;0;0;0;0;0;0;0;0;0;0;0;0;0;0;0;0;0.000;NULL;0
2101;2014SP;186w;;;12/05/2013;100.00;100.00;90.00;100.00;100.00;100.00;100.00;99.00;100.00;100.00;0;0;0;0;0;0;85.00;95.00;95.00;80.00;85.00;90.00;75.00;80.00;95.00;0;0;0;0;0;40.460;NULL;47.36
2102;2014SP;186w;;Dropped;12/14/2013;0;0;0;0;0;0;0;0;0;0;0;0;0;0;0;0;0;0;0;0;0;0;0;0;0;0;0;0;0;0;0.000;NULL;0
2103;2014SP;186w;FED;;11/20/2013;100.00;99.00;100.00;100.00;100.00;100.00;100.00;95.00;100.00;95.00;0;0;0;0;0;95.00;85.00;80.00;95.00;75.00;70.00;80.00;65.00;85.00;70.00;0;0;0;0;0;42.780;NULL;47.53
2104;2014SP;186w;;;12/07/2013;100.00;100.00;95.00;100.00;100.00;95.00;90.00;95.00;0;0;0;0;0;0;0;85.00;80.00;80.00;95.00;70.00;65.00;90.00;75.00;0;85.00;0;0;0;0;0;34.950;NULL;36.65
2105;2014SP;186w;;;12/13/2013;100.00;100.00;100.00;100.00;100.00;100.00;100.00;90.00;100.00;80.00;0;0;0;0;0;100.00;100.00;100.00;100.00;95.00;90.00;90.00;100.00;95.00;95.00;95.00;0;0;0;0;44.000;NULL;51.80
2106;2014SP;186w;;Withdrawn;11/27/2013;100.00;95.00;80.00;0;0;0;0;0;0;0;0;0;0;0;0;80.00;85.00;0;80.00;0;0;0;0;0;0;0;0;0;0;0;10.400;NULL;10.40
2107;2014SP;186w;;Withdrawn;11/27/2013;100.00;0;0;0;0;0;0;0;0;0;0;0;0;0;0;90.00;0;0;0;0;0;0;0;0;0;0;0;0;0;0;3.800;NULL;03.80
2108;2014SP;186w;;;12/02/2013;100.00;90.00;95.00;100.00;98.00;95.00;0;0;0;0;0;0;0;0;0;100.00;85.00;80.00;95.00;90.00;65.00;0;65.00;75.00;80.00;0;0;0;0;0;27.590;NULL;29.19
2109;2014SP;186w;;Dropped;12/06/2013;0;0;0;0;0;0;0;0;0;0;0;0;0;0;0;0;0;0;0;0;0;0;0;0;0;0;0;0;0;0;0.000;NULL;0
2110;2014SP;186w;;Dropped;01/14/2014;0;0;0;0;0;0;0;0;0;0;0;0;0;0;0;0;0;0;0;0;0;0;0;0;0;0;0;0;0;0;0.000;NULL;0
2111;2014SP;186w;;;12/03/2013;100.00;100.00;99.00;100.00;100.00;100.00;90.00;90.00;100.00;100.00;0;0;0;0;0;95.00;75.00;90.00;90.00;75.00;0;90.00;75.00;90.00;95.00;90.00;0;0;0;0;31.180;NULL;48.48
2112;2014SP;186w;;Withdrawn;11/19/2013;0;100.00;90.00;50.00;65.00;0;0;0;0;0;0;0;0;0;0;95.00;70.00;75.00;85.00;70.00;0;75.00;0;0;0;0;0;0;0;0;16.650;NULL;16.65
2113;2014SP;186w;;Dropped;11/27/2013;0;0;0;0;0;0;0;0;0;0;0;0;0;0;0;0;0;0;0;0;0;0;0;0;0;0;0;0;0;0;0.000;NULL;0
2114;2014SP;186w;;Dropped;12/05/2013;0;0;0;0;0;0;0;0;0;0;0;0;0;0;0;0;0;0;0;0;0;0;0;0;0;0;0;0;0;0;0.000;NULL;0
2115;2014SP;186w;;Withdrawn;01/02/2014;100.00;20.00;0;0;0;0;0;0;0;0;0;0;0;0;0;100.00;0;75.00;0;0;0;0;0;0;0;0;0;0;0;0;5.900;NULL;05.90
2116;2014SP;186w;;Dropped;01/13/2014;0;0;0;0;0;0;0;0;0;0;0;0;0;0;0;0;0;0;0;0;0;0;0;0;0;0;0;0;0;0;0.000;NULL;0
2117;2014SP;186w;;;11/18/2013;100.00;90.00;100.00;100.00;100.00;100.00;100.00;80.00;100.00;80.00;0;0;0;0;0;85.00;80.00;85.00;0;90.00;70.00;85.00;55.00;60.00;75.00;0;0;0;0;0;38.200;NULL;43.70
2118;2014SP;186w;;Dropped;12/06/2013;0;0;0;0;0;0;0;0;0;0;0;0;0;0;0;0;0;0;0;0;0;0;0;0;0;0;0;0;0;0;0.000;NULL;0
2119;2014SP;186w;FED;Dropped;11/19/2013;0;0;0;0;0;0;0;0;0;0;0;0;0;0;0;0;0;0;0;0;0;0;0;0;0;0;0;0;0;0;0.000;NULL;0
2120;2014SP;186w;;Withdrawn;01/13/2014;100.00;0;0;0;0;0;0;0;0;0;0;0;0;0;0;0;20.00;15.00;0;0;0;0;0;0;0;0;0;0;0;0;2.700;NULL;02.70
2121;2014SP;186w;;Dropped;12/04/2013;0;0;0;0;0;0;0;0;0;0;0;0;0;0;0;0;0;0;0;0;0;0;0;0;0;0;0;0;0;0;0.000;NULL;0
2122;2014SP;186w;;;12/18/2013;100.00;95.00;5.00;100.00;100.00;100.00;99.00;90.00;100.00;100.00;0;0;0;0;0;85.00;95.00;95.00;90.00;85.00;75.00;95.00;85.00;95.00;90.00;100.00;0;0;0;0;40.560;NULL;49.36
2123;2014SP;190w;;Withdrawn;11/21/2013;100.00;0;0;0;0;0;0;0;0;0;0;0;0;0;0;100.00;85.00;0;0;0;0;0;0;0;0;0;0;0;0;0;5.700;NULL;05.70
2124;2014SP;190w;;;12/30/2013;100.00;100.00;100.00;100.00;100.00;100.00;100.00;100.00;100.00;90.00;0;0;0;0;0;85.00;80.00;95.00;95.00;90.00;75.00;95.00;60.00;75.00;80.00;0;0;0;0;0;42.000;NULL;48.10
2125;2014SP;190w;FED;Withdrawn;11/26/2013;100.00;50.00;0;0;0;0;0;0;0;0;0;0;0;0;0;55.00;40.00;0;0;0;0;0;0;0;0;0;0;0;0;0;4.900;NULL;04.90
2126;2014SP;190w;FED;;11/18/2013;100.00;100.00;65.00;100.00;100.00;100.00;100.00;95.00;95.00;90.00;0;0;0;0;0;75.00;85.00;75.00;95.00;100.00;85.00;80.00;80.00;80.00;90.00;0;0;0;0;0;41.000;NULL;47.30
2127;2014SP;190w;FED;Withdrawn;12/05/2013;100.00;75.00;0;0;0;0;0;0;0;0;0;0;0;0;0;100.00;75.00;75.00;0;0;0;0;0;0;0;0;0;0;0;0;8.500;NULL;08.50
2128;2014SP;190w;;;01/06/2014;100.00;100.00;100.00;100.00;100.00;95.00;100.00;80.00;0;100.00;0;0;0;0;0;95.00;100.00;95.00;100.00;100.00;95.00;100.00;100.00;95.00;100.00;100.00;0;0;0;0;41.650;NULL;48.65
2129;2014SP;190w;FED;;11/18/2013;100.00;99.00;95.00;80.00;90.00;95.00;90.00;95.00;90.00;100.00;0;0;0;0;0;95.00;90.00;95.00;100.00;75.00;80.00;80.00;95.00;85.00;100.00;75.00;0;0;0;0;40.730;NULL;49.23
2130;2014SP;190w;FED;Withdrawn;01/21/2014;100.00;0;0;0;0;0;0;0;0;0;0;0;0;0;0;0;0;0;0;0;0;0;0;0;0;0;0;0;0;0;2.000;NULL;02.00
2131;2014SP;190w;;;12/16/2013;100.00;99.00;100.00;100.00;100.00;100.00;100.00;95.00;100.00;100.00;0;0;0;0;0;95.00;100.00;95.00;95.00;95.00;95.00;100.00;95.00;90.00;95.00;0;0;0;0;0;45.880;NULL;50.88
2132;2014SP;190w;;Withdrawn;12/26/2013;100.00;50.00;0;0;0;0;0;0;0;0;0;0;0;0;0;75.00;65.00;0;0;0;0;0;0;0;0;0;0;0;0;0;5.800;NULL;05.80
2133;2014SP;190w;;;12/04/2013;100.00;100.00;90.00;100.00;80.00;95.00;90.00;95.00;90.00;100.00;0;0;0;0;0;95.00;90.00;85.00;70.00;80.00;65.00;50.00;55.00;90.00;100.00;0;0;0;0;0;40.650;NULL;45.65
2134;2014SP;190w;;Withdrawn;01/06/2014;100.00;50.00;50.00;0;0;0;0;0;0;0;0;0;0;0;0;90.00;90.00;100.00;0;0;0;0;0;0;0;0;0;0;0;0;9.600;NULL;09.60
2135;2014SP;190w;;;11/22/2013;100.00;100.00;100.00;100.00;100.00;100.00;100.00;100.00;100.00;100.00;0;0;0;0;0;100.00;80.00;100.00;0;100.00;95.00;100.00;95.00;95.00;100.00;0;0;0;0;0;42.300;NULL;49.30
2136;2014SP;190w;;Dropped;01/06/2014;0;0;0;0;0;0;0;0;0;0;0;0;0;0;0;0;0;0;0;0;0;0;0;0;0;0;0;0;0;0;0.000;NULL;0
2137;2014SP;190w;;;12/02/2013;100.00;100.00;100.00;100.00;100.00;90.00;80.00;100.00;0;0;0;0;0;0;0;90.00;80.00;75.00;95.00;90.00;70.00;45.00;0;0;0;0;0;0;0;0;32.800;NULL;32.80
2138;2014SP;190w;;;11/22/2013;100.00;100.00;0;50.00;80.00;80.00;69.00;90.00;85.00;70.00;0;0;0;0;0;80.00;65.00;0;75.00;75.00;70.00;80.00;85.00;80.00;75.00;80.00;0;0;0;0;30.560;NULL;38.86
2139;2014SP;190w;;;01/06/2014;100.00;100.00;100.00;100.00;100.00;100.00;90.00;100.00;95.00;100.00;0;0;0;0;0;95.00;95.00;90.00;100.00;100.00;95.00;100.00;95.00;90.00;100.00;0;0;0;0;0;45.600;NULL;50.60
2140;2014SP;190w;;;01/06/2014;100.00;100.00;100.00;100.00;100.00;100.00;100.00;100.00;100.00;100.00;0;0;0;0;0;95.00;100.00;90.00;100.00;100.00;90.00;100.00;95.00;95.00;95.00;95.00;0;0;0;0;46.000;NULL;53.10
2141;2014SP;190w;FED;;11/21/2013;100.00;99.00;50.00;70.00;80.00;80.00;100.00;100.00;95.00;100.00;0;0;0;0;0;75.00;85.00;90.00;85.00;80.00;90.00;80.00;85.00;75.00;80.00;0;0;0;0;0;38.580;NULL;45.18
2142;2014SP;190w;;;01/06/2014;100.00;100.00;90.00;100.00;70.00;80.00;100.00;95.00;0;100.00;0;0;0;0;0;90.00;100.00;90.00;100.00;100.00;95.00;95.00;95.00;95.00;100.00;90.00;0;0;0;0;40.300;NULL;47.10
2143;2014SP;190w;;Dropped;01/14/2014;0;0;0;0;0;0;0;0;0;0;0;0;0;0;0;0;0;0;0;0;0;0;0;0;0;0;0;0;0;0;0.000;NULL;0
2144;2014SP;190w;FED;;11/25/2013;100.00;100.00;100.00;95.00;95.00;95.00;90.00;90.00;80.00;100.00;0;0;0;0;0;75.00;95.00;95.00;100.00;90.00;95.00;95.00;95.00;85.00;95.00;75.00;0;0;0;0;43.150;NULL;49.85
2145;2014SP;190w;;;01/14/2014;100.00;99.00;95.00;100.00;100.00;90.00;80.00;5.00;0;0;0;0;0;0;0;100.00;90.00;95.00;90.00;100.00;90.00;100.00;100.00;0;0;0;0;0;0;0;33.280;NULL;33.28
2146;2014SP;190w;;;01/06/2014;100.00;100.00;100.00;100.00;90.00;100.00;90.00;100.00;95.00;100.00;0;0;0;0;0;90.00;90.00;85.00;90.00;100.00;95.00;90.00;80.00;90.00;85.00;0;0;0;0;0;42.300;NULL;49.00
2147;2014SP;190w;;Withdrawn;12/06/2013;100.00;100.00;95.00;100.00;100.00;100.00;100.00;0;0;0;0;0;0;0;0;90.00;95.00;95.00;90.00;95.00;95.00;100.00;0;0;0;0;0;0;0;0;32.100;NULL;32.10
2148;2014SP;190w;FED;;12/26/2013;100.00;99.00;90.00;95.00;90.00;90.00;100.00;95.00;100.00;100.00;0;0;0;0;0;80.00;90.00;90.00;90.00;85.00;95.00;100.00;100.00;95.00;95.00;90.00;0;0;0;0;44.230;NULL;51.03
2149;2014SP;190w;FED;;11/18/2013;100.00;50.00;0;0;70.00;100.00;100.00;0;0;0;0;0;0;0;0;0;65.00;75.00;85.00;75.00;70.00;70.00;80.00;65.00;0;0;0;0;0;0;23.800;NULL;23.80
2150;2014SP;190w;;;12/19/2013;100.00;100.00;100.00;95.00;60.00;90.00;100.00;95.00;95.00;100.00;0;0;0;0;0;75.00;80.00;80.00;90.00;85.00;80.00;90.00;90.00;85.00;95.00;90.00;0;0;0;0;40.050;NULL;48.75
2151;2014SP;190w;FED;Withdrawn;11/22/2013;100.00;100.00;80.00;0;0;0;0;0;0;0;0;0;0;0;0;0;85.00;75.00;0;0;0;0;0;0;0;0;0;0;0;0;8.800;NULL;08.80
2152;2014SP;190w;;;11/22/2013;100.00;80.00;75.00;100.00;100.00;95.00;100.00;100.00;95.00;100.00;0;0;0;0;0;95.00;90.00;90.00;90.00;100.00;90.00;85.00;95.00;95.00;100.00;90.00;80.00;0;0;0;44.350;NULL;52.75
2153;2014SP;190w;;Withdrawn;12/16/2013;100.00;100.00;5.00;0;0;0;0;0;0;0;0;0;0;0;0;65.00;0;70.00;90.00;0;0;0;0;0;0;0;0;0;0;0;8.600;NULL;08.60
2154;2014SP;190w;;;12/03/2013;100.00;99.00;100.00;100.00;70.00;0;0;90.00;70.00;60.00;0;0;0;0;0;75.00;90.00;80.00;100.00;95.00;0;70.00;90.00;85.00;0;85.00;0;0;0;0;31.180;NULL;35.88
2155;2014SP;190w;;;01/06/2014;100.00;100.00;100.00;100.00;100.00;100.00;100.00;100.00;100.00;100.00;0;0;0;0;0;100.00;95.00;100.00;95.00;100.00;100.00;90.00;100.00;95.00;100.00;100.00;0;0;0;0;46.500;NULL;53.50
2156;2014SP;190w;;Withdrawn;01/23/2014;100.00;100.00;0;0;0;0;0;0;0;0;0;0;0;0;0;90.00;90.00;95.00;90.00;60.00;95.00;0;0;0;0;0;0;0;0;0;14.400;NULL;14.40
2157;2014SP;190w;;Withdrawn;01/13/2014;100.00;1.00;90.00;100.00;0;0;0;0;0;0;0;0;0;0;0;95.00;0;90.00;90.00;0;0;0;0;0;0;0;0;0;0;0;12.320;NULL;12.32
2158;2014SP;190w;;;11/21/2013;100.00;100.00;100.00;95.00;90.00;80.00;100.00;100.00;100.00;90.00;0;0;0;0;0;95.00;80.00;100.00;95.00;80.00;80.00;85.00;85.00;75.00;95.00;0;0;0;0;0;41.450;NULL;47.85
2159;2014SP;190w;;;01/13/2014;100.00;99.00;50.00;100.00;95.00;90.00;90.00;80.00;90.00;90.00;0;0;0;0;0;95.00;90.00;80.00;85.00;80.00;70.00;0;85.00;50.00;0;80.00;0;0;0;0;36.630;NULL;42.73
2160;2014SP;190w;FED;Withdrawn;11/22/2013;100.00;99.00;0;0;60.00;5.00;0;0;0;0;0;0;0;0;0;75.00;65.00;80.00;85.00;85.00;75.00;0;0;0;0;0;0;0;0;0;15.230;NULL;15.23
2161;2014SP;190w;FED;;11/18/2013;100.00;100.00;75.00;100.00;100.00;100.00;100.00;95.00;100.00;100.00;0;0;0;0;0;95.00;85.00;100.00;100.00;80.00;80.00;80.00;100.00;90.00;80.00;85.00;0;0;0;0;44.000;NULL;50.80
2162;2014SP;190w;FED;Withdrawn;12/14/2013;100.00;0;0;0;0;0;0;0;0;0;0;0;0;0;0;75.00;0;55.00;0;0;0;0;0;0;0;0;0;0;0;0;4.900;NULL;04.60
2163;2014SP;190w;;;11/19/2013;100.00;100.00;90.00;90.00;80.00;100.00;70.00;95.00;0;90.00;0;0;0;0;0;95.00;90.00;90.00;75.00;80.00;80.00;35.00;100.00;75.00;95.00;0;0;0;0;0;34.900;NULL;41.30
2164;2014SP;190w;;Withdrawn;11/20/2013;100.00;50.00;0;0;0;0;0;0;0;0;0;0;0;0;0;80.00;75.00;0;0;0;0;0;0;0;0;0;0;0;0;0;6.100;NULL;06.10
2165;2014SP;190w;;Dropped;11/27/2013;0;0;0;0;0;0;0;0;0;0;0;0;0;0;0;0;0;0;0;0;0;0;0;0;0;0;0;0;0;0;0.000;NULL;0